FixCheckWiki 1   +1 +2 +9 +16 +17 +18 +22 +46 +48 +64 +88 +104 +524 +526 +532 +533 +534 +537 +538 +539 +540 +541 +542
FixCheckWiki 2   +1 +2 +9 +16 +17 +18 +22 +46 +48 +64 +88 +104 +524 +526 +532 +533 +534 +537 +538 +539 +540 +541 +542
FixCheckWiki 9   +1 +2 +9 +16 +17 +18 +22 +46 +48 +64 +88 +104 +524 +526 +532 +533 +534 +537 +538 +539 +540 +541 +542
FixCheckWiki 16  +1 +2 +9 +16 +17 +18 +22 +46 +48 +64 +88 +104 +524 +526 +532 +533 +534 +537 +538 +539 +540 +541 +542
FixCheckWiki 17  +1 +2 +9 +16 +17 +18 +22 +46 +48 +64 +88 +104 +524 +526 +532 +533 +534 +537 +538 +539 +540 +541 +542
FixCheckWiki 18  +1 +2 +9 +16 +17 +18 +22 +46 +48 +64 +88 +104 +524 +526 +532 +533 +534 +537 +538 +539 +540 +541 +542
FixCheckWiki 22  +1 +2 +9 +16 +17 +18 +22 +46 +48 +64 +88 +104 +524 +526 +532 +533 +534 +537 +538 +539 +540 +541 +542
FixCheckWiki 46  +1 +2 +9 +16 +17 +18 +22 +46 +48 +64 +88 +104 +524 +526 +532 +533 +534 +537 +538 +539 +540 +541 +542
FixCheckWiki 55  +1 +2 +9 +16 +17 +18 +22 +46 +48 +64 +88 +104 +524 +526 +532 +533 +534 +537 +538 +539 +540 +541 +542
FixCheckWiki 88  +1 +2 +9 +16 +17 +18 +22 +46 +48 +64 +88 +104 +524 +526 +532 +533 +534 +537 +538 +539 +540 +541 +542
FixCheckWiki 104 +1 +2 +9 +16 +17 +18 +22 +46 +48 +64 +88 +104 +524 +526 +532 +533 +534 +537 +538 +539 +540 +541 +542
FixCheckWiki 524 +1 +2 +9 +16 +17 +18 +22 +46 +48 +64 +88 +104 +524 +526 +532 +533 +534 +537 +538 +539 +540 +541 +542
FixCheckWiki 526 +1 +2 +9 +16 +17 +18 +22 +46 +48 +64 +88 +104 +524 +526 +532 +533 +534 +537 +538 +539 +540 +541 +542
FixListCheckWiki Projet:Correction_syntaxique/Analyse_001 1   +1 +2 +9 +16 +17 +18 +22 +46 +48 +64 +88 +104 +524 +526 +532 +533 +534 +537 +538 +539 +540 +541 +542
FixListCheckWiki Projet:Correction_syntaxique/Analyse_002 2   +1 +2 +9 +16 +17 +18 +22 +46 +48 +64 +88 +104 +524 +526 +532 +533 +534 +537 +538 +539 +540 +541 +542
FixListCheckWiki Projet:Correction_syntaxique/Analyse_009 9   +1 +2 +9 +16 +17 +18 +22 +46 +48 +64 +88 +104 +524 +526 +532 +533 +534 +537 +538 +539 +540 +541 +542
FixListCheckWiki Projet:Correction_syntaxique/Analyse_016 16  +1 +2 +9 +16 +17 +18 +22 +46 +48 +64 +88 +104 +524 +526 +532 +533 +534 +537 +538 +539 +540 +541 +542
FixListCheckWiki Projet:Correction_syntaxique/Analyse_017 17  +1 +2 +9 +16 +17 +18 +22 +46 +48 +64 +88 +104 +524 +526 +532 +533 +534 +537 +538 +539 +540 +541 +542
FixListCheckWiki Projet:Correction_syntaxique/Analyse_018 18  +1 +2 +9 +16 +17 +18 +22 +46 +48 +64 +88 +104 +524 +526 +532 +533 +534 +537 +538 +539 +540 +541 +542
FixListCheckWiki Projet:Correction_syntaxique/Analyse_022 22  +1 +2 +9 +16 +17 +18 +22 +46 +48 +64 +88 +104 +524 +526 +532 +533 +534 +537 +538 +539 +540 +541 +542
FixListCheckWiki Projet:Correction_syntaxique/Analyse_046 46  +1 +2 +9 +16 +17 +18 +22 +46 +48 +64 +88 +104 +524 +526 +532 +533 +534 +537 +538 +539 +540 +541 +542
FixListCheckWiki Projet:Correction_syntaxique/Analyse_055 532 +1 +2 +9 +16 +17 +18 +22 +46 +48 +64 +88 +104 +524 +526 +532 +533 +534 +537 +538 +539 +540 +541 +542
FixListCheckWiki Projet:Correction_syntaxique/Analyse_064 64  +1 +2 +9 +16 +17 +18 +22 +46 +48 +64 +88 +104 +524 +526 +532 +533 +534 +537 +538 +539 +540 +541 +542
FixListCheckWiki Projet:Correction_syntaxique/Analyse_088 88  +1 +2 +9 +16 +17 +18 +22 +46 +48 +64 +88 +104 +524 +526 +532 +533 +534 +537 +538 +539 +540 +541 +542
FixListCheckWiki Projet:Correction_syntaxique/Analyse_104 104 +1 +2 +9 +16 +17 +18 +22 +46 +48 +64 +88 +104 +524 +526 +532 +533 +534 +537 +538 +539 +540 +541 +542
ListCheckWiki C:\Users\Nicolas\Downloads\frwiki-$-pages-articles.xml.bz2 wiki:Projet:Correction_syntaxique/Analyse_{0} 1 2 3 4 5 7 8 9 13 14 15 16 17 18 19 20 21 22 23 24 25 26 28 38 42 48 51 52 54 55 64 69 70 71 72 73 83 88 90 98 99 102 104 105 106 107 108 109 111 112 526 542
FixCheckWiki 1   +1 +2 +9 +16 +17 +18 +22 +46 +48 +64 +88 +104 +524 +526 +532 +533 +534 +537 +538 +539 +540 +541 +542
FixCheckWiki 2   +1 +2 +9 +16 +17 +18 +22 +46 +48 +64 +88 +104 +524 +526 +532 +533 +534 +537 +538 +539 +540 +541 +542
FixCheckWiki 9   +1 +2 +9 +16 +17 +18 +22 +46 +48 +64 +88 +104 +524 +526 +532 +533 +534 +537 +538 +539 +540 +541 +542
FixCheckWiki 16  +1 +2 +9 +16 +17 +18 +22 +46 +48 +64 +88 +104 +524 +526 +532 +533 +534 +537 +538 +539 +540 +541 +542
FixCheckWiki 17  +1 +2 +9 +16 +17 +18 +22 +46 +48 +64 +88 +104 +524 +526 +532 +533 +534 +537 +538 +539 +540 +541 +542
FixCheckWiki 18  +1 +2 +9 +16 +17 +18 +22 +46 +48 +64 +88 +104 +524 +526 +532 +533 +534 +537 +538 +539 +540 +541 +542
FixCheckWiki 22  +1 +2 +9 +16 +17 +18 +22 +46 +48 +64 +88 +104 +524 +526 +532 +533 +534 +537 +538 +539 +540 +541 +542
FixCheckWiki 46  +1 +2 +9 +16 +17 +18 +22 +46 +48 +64 +88 +104 +524 +526 +532 +533 +534 +537 +538 +539 +540 +541 +542
FixCheckWiki 55  +1 +2 +9 +16 +17 +18 +22 +46 +48 +64 +88 +104 +524 +526 +532 +533 +534 +537 +538 +539 +540 +541 +542
FixCheckWiki 88  +1 +2 +9 +16 +17 +18 +22 +46 +48 +64 +88 +104 +524 +526 +532 +533 +534 +537 +538 +539 +540 +541 +542
FixCheckWiki 104 +1 +2 +9 +16 +17 +18 +22 +46 +48 +64 +88 +104 +524 +526 +532 +533 +534 +537 +538 +539 +540 +541 +542
FixCheckWiki 524 +1 +2 +9 +16 +17 +18 +22 +46 +48 +64 +88 +104 +524 +526 +532 +533 +534 +537 +538 +539 +540 +541 +542
UpdateDuplicateArgsWarnings
FixCheckWiki 526 +1 +2 +9 +16 +17 +18 +22 +46 +48 +64 +88 +104 +524 +526 +532 +533 +534 +537 +538 +539 +540 +541 +542
FixListCheckWiki Projet:Correction_syntaxique/Analyse_001 1   +1 +2 +9 +16 +17 +18 +22 +46 +48 +64 +88 +104 +524 +526 +532 +533 +534 +537 +538 +539 +540 +541 +542
FixListCheckWiki Projet:Correction_syntaxique/Analyse_002 2   +1 +2 +9 +16 +17 +18 +22 +46 +48 +64 +88 +104 +524 +526 +532 +533 +534 +537 +538 +539 +540 +541 +542
FixListCheckWiki Projet:Correction_syntaxique/Analyse_009 9   +1 +2 +9 +16 +17 +18 +22 +46 +48 +64 +88 +104 +524 +526 +532 +533 +534 +537 +538 +539 +540 +541 +542
FixListCheckWiki Projet:Correction_syntaxique/Analyse_016 16  +1 +2 +9 +16 +17 +18 +22 +46 +48 +64 +88 +104 +524 +526 +532 +533 +534 +537 +538 +539 +540 +541 +542
FixListCheckWiki Projet:Correction_syntaxique/Analyse_017 17  +1 +2 +9 +16 +17 +18 +22 +46 +48 +64 +88 +104 +524 +526 +532 +533 +534 +537 +538 +539 +540 +541 +542
FixListCheckWiki Projet:Correction_syntaxique/Analyse_018 18  +1 +2 +9 +16 +17 +18 +22 +46 +48 +64 +88 +104 +524 +526 +532 +533 +534 +537 +538 +539 +540 +541 +542
FixListCheckWiki Projet:Correction_syntaxique/Analyse_022 22  +1 +2 +9 +16 +17 +18 +22 +46 +48 +64 +88 +104 +524 +526 +532 +533 +534 +537 +538 +539 +540 +541 +542
FixListCheckWiki Projet:Correction_syntaxique/Analyse_046 46  +1 +2 +9 +16 +17 +18 +22 +46 +48 +64 +88 +104 +524 +526 +532 +533 +534 +537 +538 +539 +540 +541 +542
FixListCheckWiki Projet:Correction_syntaxique/Analyse_055 532 +1 +2 +9 +16 +17 +18 +22 +46 +48 +64 +88 +104 +524 +526 +532 +533 +534 +537 +538 +539 +540 +541 +542
FixListCheckWiki Projet:Correction_syntaxique/Analyse_064 64  +1 +2 +9 +16 +17 +18 +22 +46 +48 +64 +88 +104 +524 +526 +532 +533 +534 +537 +538 +539 +540 +541 +542
FixListCheckWiki Projet:Correction_syntaxique/Analyse_088 88  +1 +2 +9 +16 +17 +18 +22 +46 +48 +64 +88 +104 +524 +526 +532 +533 +534 +537 +538 +539 +540 +541 +542
FixListCheckWiki Projet:Correction_syntaxique/Analyse_104 104 +1 +2 +9 +16 +17 +18 +22 +46 +48 +64 +88 +104 +524 +526 +532 +533 +534 +537 +538 +539 +540 +541 +542
ListISBNWarnings
ListISSNWarnings
